111111111111111111111111111111111111111111111111111111111111
100000000000000000000000000000000000000000000000000000000001
100000000000000000000000000000000000000000000000000000000001
100000000000000000000000000000000000000000000000000000000001
100000000000000000000000000000000000000000000000000000000001
100000000000000000000000000000000000000000000000000000000001
100000111111111111111110011111111111111111111111110011100001
100000100000000000000000000000000000000000000000000000100001
100000100000000000000000000000000000000000000000000000100001
100000100000000000000000000000000000000000000000000000100001
100000100011111111111111111111111001111111111111111000100001
100000100010000000001000000000000000000000000000001000100001
100000100010000000001000000000000000000000000000001000100001
100000100000000000001000000000000000000000000000001000100001
100000100000000000000000000000000000000000000000001000100001
100000100010000000000000000000000000000000000000001000100001
100000100010000000001000000000000000000000000000001000100001
100000100010000000001000000000000000000000000000001000100001
100000000010000000001000000000000000000000000000001000100001
100000000010000000001000000000000000000000000000000000100001
100000100010000000001000000000000000000000000000000000100001
100000100010000000001000000000000000000000000000001000100001
100000100010000000001000000000000000000000000000001000100001
100000100011111001111000000000000000000000000000001000000001
100000100010000000001000000000000000000000000000001000000001
100000100000000000001000000000000000000000000000001000100001
100000100000000000001000000000000000000000000000001000100001
100000100010000000001000000000000000000000000000001000100001
100000100010000000001000000000000000000000000000001000100001
100000100010000000001000000000000000000000000000001000100001
100000100011111110011111111111110011111111111111111000100001
100000100000000000000000000000000000000000000000000000100001
100000100000000000000000000000000000000000000000000000100001
100000100000000000000000000000000000000000000000000000100001
100000111111111111111111111100111111111111111111111111100001
100000000000000000000000000000000000000000000000000000000001
100000000000000000000000000000000000000000000000000000000001
100000000000000000000000000000000000000000000000000000000001
100000000000000000000000000000000000000000000000000000000001
111111111111111111111111111111111111111111111111111111111111
